Wavelength [nm] Intensity [W/(m²·nm)]
280.0	4.7309e-23
280.5	1.2307e-21
281.0	5.6895e-21
281.5	1.5662e-19
282.0	1.1946e-18
282.5	4.5436e-18
283.0	1.8452e-17
283.5	3.5360e-17
284.0	7.2670e-16
284.5	2.4856e-15
285.0	8.0142e-15
285.5	4.2613e-14
286.0	1.3684e-13
286.5	8.3823e-13
287.0	2.7367e-12
287.5	1.0903e-11
288.0	6.2337e-11
288.5	1.7162e-10
289.0	5.6265e-10
289.5	2.0749e-09
290.0	6.0168e-09
290.5	1.3783e-08
291.0	3.5052e-08
291.5	1.0913e-07
292.0	2.6830e-07
292.5	4.2685e-07
293.0	8.6466e-07
293.5	2.2707e-06
294.0	4.1744e-06
294.5	6.5911e-06
295.0	1.2290e-05
295.5	2.7826e-05
296.0	4.7904e-05
296.5	7.1345e-05
297.0	9.6800e-05
297.5	1.8608e-04
298.0	2.8988e-04
298.5	3.5789e-04
299.0	4.9211e-04
299.5	8.6068e-04
300.0	1.0205e-03
300.5	1.2450e-03
301.0	1.9300e-03
301.5	2.6914e-03
302.0	2.9209e-03
302.5	4.2840e-03
303.0	7.0945e-03
303.5	8.9795e-03
304.0	9.4701e-03
304.5	1.1953e-02
305.0	1.6463e-02
305.5	1.8719e-02
306.0	1.8577e-02
306.5	2.1108e-02
307.0	2.7849e-02
307.5	3.5635e-02
308.0	3.7837e-02
308.5	4.1430e-02
309.0	4.0534e-02
309.5	4.3306e-02
310.0	5.0939e-02
310.5	6.5540e-02
311.0	8.2922e-02
311.5	8.4080e-02
312.0	9.3376e-02
312.5	9.8984e-02
313.0	1.0733e-01
313.5	1.0757e-01
314.0	1.1969e-01
314.5	1.3060e-01
315.0	1.3625e-01
315.5	1.1838e-01
316.0	1.2348e-01
316.5	1.5036e-01
317.0	1.7158e-01
317.5	1.8245e-01
318.0	1.7594e-01
318.5	1.8591e-01
319.0	2.0470e-01
319.5	1.9589e-01
320.0	2.0527e-01
320.5	2.4525e-01
321.0	2.5024e-01
321.5	2.3843e-01
322.0	2.2203e-01
322.5	2.1709e-01
323.0	2.1226e-01
323.5	2.4861e-01
324.0	2.7537e-01
324.5	2.8321e-01
325.0	2.7894e-01
325.5	3.2436e-01
326.0	3.8120e-01
326.5	4.0722e-01
327.0	3.9806e-01
327.5	3.8465e-01
328.0	3.5116e-01
328.5	3.7164e-01
329.0	4.2235e-01
329.5	4.6878e-01
330.0	4.7139e-01
330.5	4.2800e-01
331.0	4.0262e-01
331.5	4.1806e-01
332.0	4.3623e-01
332.5	4.3919e-01
333.0	4.2944e-01
333.5	4.0724e-01
334.0	4.1497e-01
334.5	4.4509e-01
335.0	4.6388e-01
335.5	4.5313e-01
336.0	4.1519e-01
336.5	3.8214e-01
337.0	3.7380e-01
337.5	4.0051e-01
338.0	4.3411e-01
338.5	4.5527e-01
339.0	4.6355e-01
339.5	4.7446e-01
340.0	5.0180e-01
340.5	5.0071e-01
341.0	4.7139e-01
341.5	4.6935e-01
342.0	4.8934e-01
342.5	5.0767e-01
343.0	5.1489e-01
343.5	4.8609e-01
344.0	4.1843e-01
344.5	4.0307e-01
345.0	4.5898e-01
345.5	4.8932e-01
346.0	4.7778e-01
346.5	4.8657e-01
347.0	4.9404e-01
347.5	4.7674e-01
348.0	4.7511e-01
348.5	4.8336e-01
349.0	4.6564e-01
349.5	4.7805e-01
350.0	5.2798e-01
350.5	5.6741e-01
351.0	5.5172e-01
351.5	5.3022e-01
352.0	5.1791e-01
352.5	4.8962e-01
353.0	5.2040e-01
353.5	5.7228e-01
354.0	6.0498e-01
354.5	6.1156e-01
355.0	6.1140e-01
355.5	5.9028e-01
356.0	5.5387e-01
356.5	5.1942e-01
357.0	4.5673e-01
357.5	4.6215e-01
358.0	4.3006e-01
358.5	3.9926e-01
359.0	4.6953e-01
359.5	5.6549e-01
360.0	5.9817e-01
360.5	5.6531e-01
361.0	5.2024e-01
361.5	5.0956e-01
362.0	5.3420e-01
362.5	5.8510e-01
363.0	6.0191e-01
363.5	5.8541e-01
364.0	6.0628e-01
364.5	6.0058e-01
365.0	6.2359e-01
365.5	6.8628e-01
366.0	7.3532e-01
366.5	7.3658e-01
367.0	7.2285e-01
367.5	7.0914e-01
368.0	6.6759e-01
368.5	6.6310e-01
369.0	6.9315e-01
369.5	7.4469e-01
370.0	7.5507e-01
370.5	6.8261e-01
371.0	6.9338e-01
371.5	7.2051e-01
372.0	6.7444e-01
372.5	6.4253e-01
373.0	6.1886e-01
373.5	5.5786e-01
374.0	5.5640e-01
374.5	5.5227e-01
375.0	5.8930e-01
375.5	6.5162e-01
376.0	6.7480e-01
376.5	6.6390e-01
377.0	7.1225e-01
377.5	7.9455e-01
378.0	8.5595e-01
378.5	8.3418e-01
379.0	7.4389e-01
379.5	6.6683e-01
380.0	7.0077e-01
380.5	7.5075e-01
381.0	7.6383e-01
381.5	6.8837e-01
382.0	5.8678e-01
382.5	5.0762e-01
383.0	4.5499e-01
383.5	4.4049e-01
384.0	5.0968e-01
384.5	6.1359e-01
385.0	6.7355e-01
385.5	6.4363e-01
386.0	6.2100e-01
386.5	6.4570e-01
387.0	6.5147e-01
387.5	6.4204e-01
388.0	6.3582e-01
388.5	6.3136e-01
389.0	6.8543e-01
389.5	7.5970e-01
390.0	7.9699e-01
390.5	8.0371e-01
391.0	8.5138e-01
391.5	8.6344e-01
392.0	7.9493e-01
392.5	6.6257e-01
393.0	4.7975e-01
393.5	3.8152e-01
394.0	4.9567e-01
394.5	6.8385e-01
395.0	8.0772e-01
395.5	8.6038e-01
396.0	7.5655e-01
396.5	5.5017e-01
397.0	4.2619e-01
397.5	6.2945e-01
398.0	8.5249e-01
398.5	1.0069e+00
399.0	1.0693e+00
399.5	1.1021e+00
400.0	1.1141e+00
401.0	1.1603e+00
402.0	1.2061e+00
403.0	1.1613e+00
404.0	1.1801e+00
405.0	1.1511e+00
406.0	1.1227e+00
407.0	1.1026e+00
408.0	1.1514e+00
409.0	1.2299e+00
410.0	1.0485e+00
411.0	1.1738e+00
412.0	1.2478e+00
413.0	1.1971e+00
414.0	1.1842e+00
415.0	1.2258e+00
416.0	1.2624e+00
417.0	1.2312e+00
418.0	1.1777e+00
419.0	1.2258e+00
420.0	1.1232e+00
421.0	1.2757e+00
422.0	1.2583e+00
423.0	1.2184e+00
424.0	1.2117e+00
425.0	1.2488e+00
426.0	1.2135e+00
427.0	1.1724e+00
428.0	1.1839e+00
429.0	1.0963e+00
430.0	8.7462e-01
431.0	7.9394e-01
432.0	1.3207e+00
433.0	1.2288e+00
434.0	1.1352e+00
435.0	1.2452e+00
436.0	1.3659e+00
437.0	1.3943e+00
438.0	1.2238e+00
439.0	1.1775e+00
440.0	1.3499e+00
441.0	1.3313e+00
442.0	1.4250e+00
443.0	1.4453e+00
444.0	1.4084e+00
445.0	1.4619e+00
446.0	1.3108e+00
447.0	1.4903e+00
448.0	1.5081e+00
449.0	1.5045e+00
450.0	1.5595e+00
451.0	1.6173e+00
452.0	1.5482e+00
453.0	1.4297e+00
454.0	1.5335e+00
455.0	1.5224e+00
456.0	1.5724e+00
457.0	1.5854e+00
458.0	1.5514e+00
459.0	1.5391e+00
460.0	1.5291e+00
461.0	1.5827e+00
462.0	1.5975e+00
463.0	1.6031e+00
464.0	1.5544e+00
465.0	1.5350e+00
466.0	1.5673e+00
467.0	1.4973e+00
468.0	1.5619e+00
469.0	1.5682e+00
470.0	1.5077e+00
471.0	1.5331e+00
472.0	1.6126e+00
473.0	1.5499e+00
474.0	1.5671e+00
475.0	1.6185e+00
476.0	1.5631e+00
477.0	1.5724e+00
478.0	1.6230e+00
479.0	1.5916e+00
480.0	1.6181e+00
481.0	1.6177e+00
482.0	1.6236e+00
483.0	1.6038e+00
484.0	1.5734e+00
485.0	1.5683e+00
486.0	1.2716e+00
487.0	1.4241e+00
488.0	1.5413e+00
489.0	1.4519e+00
490.0	1.6224e+00
491.0	1.5595e+00
492.0	1.4869e+00
493.0	1.5903e+00
494.0	1.5525e+00
495.0	1.6485e+00
496.0	1.5676e+00
497.0	1.5944e+00
498.0	1.5509e+00
499.0	1.5507e+00
500.0	1.5451e+00
501.0	1.4978e+00
502.0	1.4966e+00
503.0	1.5653e+00
504.0	1.4587e+00
505.0	1.5635e+00
506.0	1.6264e+00
507.0	1.5560e+00
508.0	1.5165e+00
509.0	1.5893e+00
510.0	1.5481e+00
511.0	1.5769e+00
512.0	1.6186e+00
513.0	1.5206e+00
514.0	1.4885e+00
515.0	1.5314e+00
516.0	1.5455e+00
517.0	1.2594e+00
518.0	1.4403e+00
519.0	1.3957e+00
520.0	1.5236e+00
521.0	1.5346e+00
522.0	1.5690e+00
523.0	1.4789e+00
524.0	1.5905e+00
525.0	1.5781e+00
526.0	1.5341e+00
527.0	1.3417e+00
528.0	1.5357e+00
529.0	1.6071e+00
530.0	1.5446e+00
531.0	1.6292e+00
532.0	1.5998e+00
533.0	1.4286e+00
534.0	1.5302e+00
535.0	1.5535e+00
536.0	1.6199e+00
537.0	1.4989e+00
538.0	1.5738e+00
539.0	1.5352e+00
540.0	1.4825e+00
541.0	1.4251e+00
542.0	1.5511e+00
543.0	1.5256e+00
544.0	1.5792e+00
545.0	1.5435e+00
546.0	1.5291e+00
547.0	1.5490e+00
548.0	1.5049e+00
549.0	1.5520e+00
550.0	1.5399e+00
551.0	1.5382e+00
552.0	1.5697e+00
553.0	1.5250e+00
554.0	1.5549e+00
555.0	1.5634e+00
556.0	1.5366e+00
557.0	1.4988e+00
558.0	1.5310e+00
559.0	1.4483e+00
560.0	1.4740e+00
561.0	1.5595e+00
562.0	1.4847e+00
563.0	1.5408e+00
564.0	1.5106e+00
565.0	1.5201e+00
566.0	1.4374e+00
567.0	1.5320e+00
568.0	1.5180e+00
569.0	1.4807e+00
570.0	1.4816e+00
571.0	1.4331e+00
572.0	1.5134e+00
573.0	1.5198e+00
574.0	1.5119e+00
575.0	1.4777e+00
576.0	1.4654e+00
577.0	1.5023e+00
578.0	1.4560e+00
579.0	1.4770e+00
580.0	1.5020e+00
581.0	1.5089e+00
582.0	1.5320e+00
583.0	1.5479e+00
584.0	1.5448e+00
585.0	1.5324e+00
586.0	1.4953e+00
587.0	1.5281e+00
588.0	1.4934e+00
589.0	1.2894e+00
590.0	1.3709e+00
591.0	1.4662e+00
592.0	1.4354e+00
593.0	1.4561e+00
594.0	1.4491e+00
595.0	1.4308e+00
596.0	1.4745e+00
597.0	1.4788e+00
598.0	1.4607e+00
599.0	1.4606e+00
600.0	1.4753e+00
601.0	1.4579e+00
602.0	1.4360e+00
603.0	1.4664e+00
604.0	1.4921e+00
605.0	1.4895e+00
606.0	1.4822e+00
607.0	1.4911e+00
608.0	1.4862e+00
609.0	1.4749e+00
610.0	1.4686e+00
611.0	1.4611e+00
612.0	1.4831e+00
613.0	1.4621e+00
614.0	1.4176e+00
615.0	1.4697e+00
616.0	1.4310e+00
617.0	1.4128e+00
618.0	1.4664e+00
619.0	1.4733e+00
620.0	1.4739e+00
621.0	1.4802e+00
622.0	1.4269e+00
623.0	1.4165e+00
624.0	1.4118e+00
625.0	1.4026e+00
626.0	1.4012e+00
627.0	1.4417e+00
628.0	1.3631e+00
629.0	1.4114e+00
630.0	1.3924e+00
631.0	1.4161e+00
632.0	1.3638e+00
633.0	1.4508e+00
634.0	1.4284e+00
635.0	1.4458e+00
636.0	1.4128e+00
637.0	1.4610e+00
638.0	1.4707e+00
639.0	1.4646e+00
640.0	1.4340e+00
641.0	1.4348e+00
642.0	1.4376e+00
643.0	1.4525e+00
644.0	1.4462e+00
645.0	1.4567e+00
646.0	1.4150e+00
647.0	1.4086e+00
648.0	1.3952e+00
649.0	1.3519e+00
650.0	1.3594e+00
651.0	1.4447e+00
652.0	1.3871e+00
653.0	1.4311e+00
654.0	1.4153e+00
655.0	1.3499e+00
656.0	1.1851e+00
657.0	1.2393e+00
658.0	1.3855e+00
659.0	1.3905e+00
660.0	1.3992e+00
661.0	1.3933e+00
662.0	1.3819e+00
663.0	1.3844e+00
664.0	1.3967e+00
665.0	1.4214e+00
666.0	1.4203e+00
667.0	1.4102e+00
668.0	1.4150e+00
669.0	1.4394e+00
670.0	1.4196e+00
671.0	1.4169e+00
672.0	1.3972e+00
673.0	1.4094e+00
674.0	1.4074e+00
675.0	1.3958e+00
676.0	1.4120e+00
677.0	1.3991e+00
678.0	1.4066e+00
679.0	1.3947e+00
680.0	1.3969e+00
681.0	1.3915e+00
682.0	1.3981e+00
683.0	1.3830e+00
684.0	1.3739e+00
685.0	1.3748e+00
686.0	1.3438e+00
687.0	9.6824e-01
688.0	1.1206e+00
689.0	1.1278e+00
690.0	1.1821e+00
691.0	1.2333e+00
692.0	1.2689e+00
693.0	1.2609e+00
694.0	1.2464e+00
695.0	1.2714e+00
696.0	1.2684e+00
697.0	1.3403e+00
698.0	1.3192e+00
699.0	1.2918e+00
700.0	1.2823e+00
701.0	1.2659e+00
702.0	1.2674e+00
703.0	1.2747e+00
704.0	1.3078e+00
705.0	1.3214e+00
706.0	1.3144e+00
707.0	1.3090e+00
708.0	1.3048e+00
709.0	1.3095e+00
710.0	1.3175e+00
711.0	1.3155e+00
712.0	1.3071e+00
713.0	1.2918e+00
714.0	1.3029e+00
715.0	1.2587e+00
716.0	1.2716e+00
717.0	1.1071e+00
718.0	1.0296e+00
719.0	9.2318e-01
720.0	9.8550e-01
721.0	1.0861e+00
722.0	1.2407e+00
723.0	1.1444e+00
724.0	1.0555e+00
725.0	1.0380e+00
726.0	1.0813e+00
727.0	1.0850e+00
728.0	1.0400e+00
729.0	1.0466e+00
730.0	1.1285e+00
731.0	1.0703e+00
732.0	1.1534e+00
733.0	1.1962e+00
734.0	1.2357e+00
735.0	1.2178e+00
736.0	1.2059e+00
737.0	1.2039e+00
738.0	1.2269e+00
739.0	1.1905e+00
740.0	1.2195e+00
741.0	1.2148e+00
742.0	1.2153e+00
743.0	1.2405e+00
744.0	1.2503e+00
745.0	1.2497e+00
746.0	1.2470e+00
747.0	1.2477e+00
748.0	1.2401e+00
749.0	1.2357e+00
750.0	1.2341e+00
751.0	1.2286e+00
752.0	1.2330e+00
753.0	1.2266e+00
754.0	1.2420e+00
755.0	1.2383e+00
756.0	1.2232e+00
757.0	1.2221e+00
758.0	1.2295e+00
759.0	1.1945e+00
760.0	2.6604e-01
761.0	1.5396e-01
762.0	6.8766e-01
763.0	3.7952e-01
764.0	5.3878e-01
765.0	6.8601e-01
766.0	8.1461e-01
767.0	9.7417e-01
768.0	1.1138e+00
769.0	1.1278e+00
770.0	1.1608e+00
771.0	1.1686e+00
772.0	1.1778e+00
773.0	1.1771e+00
774.0	1.1771e+00
775.0	1.1771e+00
776.0	1.1798e+00
777.0	1.1727e+00
778.0	1.1713e+00
779.0	1.1765e+00
780.0	1.1636e+00
781.0	1.1607e+00
782.0	1.1662e+00
783.0	1.1614e+00
784.0	1.1536e+00
785.0	1.1586e+00
786.0	1.1592e+00
787.0	1.1450e+00
788.0	1.1305e+00
789.0	1.1257e+00
790.0	1.0910e+00
791.0	1.1058e+00
792.0	1.0953e+00
793.0	1.0875e+00
794.0	1.0972e+00
795.0	1.0932e+00
796.0	1.0742e+00
797.0	1.0913e+00
798.0	1.1121e+00
799.0	1.0905e+00
800.0	1.0725e+00
801.0	1.0843e+00
802.0	1.0856e+00
803.0	1.0657e+00
804.0	1.0782e+00
805.0	1.0545e+00
806.0	1.0974e+00
807.0	1.0859e+00
808.0	1.0821e+00
809.0	1.0548e+00
810.0	1.0559e+00
811.0	1.0533e+00
812.0	1.0268e+00
813.0	1.0086e+00
814.0	9.0356e-01
815.0	8.9523e-01
816.0	8.3216e-01
817.0	8.5183e-01
818.0	8.2259e-01
819.0	9.0519e-01
820.0	8.6188e-01
821.0	9.9764e-01
822.0	9.5157e-01
823.0	6.7271e-01
824.0	9.3506e-01
825.0	9.6935e-01
826.0	9.3381e-01
827.0	9.8465e-01
828.0	8.4979e-01
829.0	9.2930e-01
830.0	9.1601e-01
831.0	9.2392e-01
832.0	8.9426e-01
833.0	9.5650e-01
834.0	9.3412e-01
835.0	1.0032e+00
836.0	9.7234e-01
837.0	1.0092e+00
838.0	9.9901e-01
839.0	1.0013e+00
840.0	1.0157e+00
841.0	1.0101e+00
842.0	9.9703e-01
843.0	1.0053e+00
844.0	9.8631e-01
845.0	1.0165e+00
846.0	1.0187e+00
847.0	9.9170e-01
848.0	9.9217e-01
849.0	9.8596e-01
850.0	8.9372e-01
851.0	9.7493e-01
852.0	9.6927e-01
853.0	9.6486e-01
854.0	8.5112e-01
855.0	9.1300e-01
856.0	9.7317e-01
857.0	9.9166e-01
858.0	9.9196e-01
859.0	9.9171e-01
860.0	9.8816e-01
861.0	9.8679e-01
862.0	9.9449e-01
863.0	1.0005e+00
864.0	9.7916e-01
865.0	9.6324e-01
866.0	8.4900e-01
867.0	9.1546e-01
868.0	9.5920e-01
869.0	9.4956e-01
870.0	9.6755e-01
871.0	9.5387e-01
872.0	9.6686e-01
873.0	9.5721e-01
874.0	9.4042e-01
875.0	9.2687e-01
876.0	9.5277e-01
877.0	9.5615e-01
878.0	9.5237e-01
879.0	9.3656e-01
880.0	9.3957e-01
881.0	9.0861e-01
882.0	9.3245e-01
883.0	9.2927e-01
884.0	9.3305e-01
885.0	9.4423e-01
886.0	9.0752e-01
887.0	9.1062e-01
888.0	9.2228e-01
889.0	9.3455e-01
890.0	9.2393e-01
891.0	9.2584e-01
892.0	9.0881e-01
893.0	8.7327e-01
894.0	8.5130e-01
895.0	8.1357e-01
896.0	7.6253e-01
897.0	6.6566e-01
898.0	7.1780e-01
899.0	5.4871e-01
900.0	7.4260e-01
901.0	5.9933e-01
902.0	6.6791e-01
903.0	6.8889e-01
904.0	8.4457e-01
905.0	8.1709e-01
906.0	7.7558e-01
907.0	6.3854e-01
908.0	6.5217e-01
909.0	7.0431e-01
910.0	6.2467e-01
911.0	6.6808e-01
912.0	6.8893e-01
913.0	6.2834e-01
914.0	6.2649e-01
915.0	6.7836e-01
916.0	5.7646e-01
917.0	7.3017e-01
918.0	5.9271e-01
919.0	7.3877e-01
920.0	7.4414e-01
921.0	7.8049e-01
922.0	7.0026e-01
923.0	7.4504e-01
924.0	7.2150e-01
925.0	7.1110e-01
926.0	7.0331e-01
927.0	7.8742e-01
928.0	5.8968e-01
929.0	5.5127e-01
930.0	4.3210e-01
931.0	4.0921e-01
932.0	3.0086e-01
933.0	2.4841e-01
934.0	1.4380e-01
935.0	2.5084e-01
936.0	1.6142e-01
937.0	1.6338e-01
938.0	2.0058e-01
939.0	3.9887e-01
940.0	4.7181e-01
941.0	3.7195e-01
942.0	4.0532e-01
943.0	2.7834e-01
944.0	2.8579e-01
945.0	3.6821e-01
946.0	1.9461e-01
947.0	3.7112e-01
948.0	2.7423e-01
949.0	4.9396e-01
950.0	1.4726e-01
951.0	4.8378e-01
952.0	2.6891e-01
953.0	3.4362e-01
954.0	4.2411e-01
955.0	3.4117e-01
956.0	3.2821e-01
957.0	2.7067e-01
958.0	4.6101e-01
959.0	3.7385e-01
960.0	4.2066e-01
961.0	4.6120e-01
962.0	4.4174e-01
963.0	5.0503e-01
964.0	4.5860e-01
965.0	5.0374e-01
966.0	5.0275e-01
967.0	5.0240e-01
968.0	6.5210e-01
969.0	6.8622e-01
970.0	6.3461e-01
971.0	7.1397e-01
972.0	6.8765e-01
973.0	6.0648e-01
974.0	5.7529e-01
975.0	5.8987e-01
976.0	5.7191e-01
977.0	6.3864e-01
978.0	6.1509e-01
979.0	6.3815e-01
980.0	6.0468e-01
981.0	7.1338e-01
982.0	6.9218e-01
983.0	6.6865e-01
984.0	7.3732e-01
985.0	6.8817e-01
986.0	7.5083e-01
987.0	7.3928e-01
988.0	7.3462e-01
989.0	7.4906e-01
990.0	7.3227e-01
991.0	7.5358e-01
992.0	7.5102e-01
993.0	7.3728e-01
994.0	7.5410e-01
995.0	7.5176e-01
996.0	7.4884e-01
997.0	7.3971e-01
998.0	7.3887e-01
999.0	7.3857e-01
1000.0	7.3532e-01
1001.0	7.4442e-01
1002.0	7.2805e-01
1003.0	7.3442e-01
1004.0	7.2336e-01
1005.0	6.8174e-01
1006.0	7.1252e-01
1007.0	7.2753e-01
1008.0	7.2685e-01
1009.0	7.1972e-01
1010.0	7.1914e-01
1011.0	7.2278e-01
1012.0	7.1877e-01
1013.0	7.1761e-01
1014.0	7.2068e-01
1015.0	7.0817e-01
1016.0	7.1129e-01
1017.0	7.0337e-01
1018.0	7.1422e-01
1019.0	6.8878e-01
1020.0	6.9896e-01
1021.0	7.0175e-01
1022.0	6.8970e-01
1023.0	6.9508e-01
1024.0	6.9058e-01
1025.0	6.9753e-01
1026.0	6.9636e-01
1027.0	6.9305e-01
1028.0	6.9385e-01
1029.0	6.8628e-01
1030.0	6.9055e-01
1031.0	6.8736e-01
1032.0	6.8787e-01
1033.0	6.7613e-01
1034.0	6.8015e-01
1035.0	6.8234e-01
1036.0	6.8202e-01
1037.0	6.7497e-01
1038.0	6.7172e-01
1039.0	6.7636e-01
1040.0	6.7170e-01
1041.0	6.7176e-01
1042.0	6.7200e-01
1043.0	6.6525e-01
1044.0	6.6833e-01
1045.0	6.6452e-01
1046.0	6.4714e-01
1047.0	6.5694e-01
1048.0	6.6274e-01
1049.0	6.5896e-01
1050.0	6.5463e-01
1051.0	6.5521e-01
1052.0	6.5118e-01
1053.0	6.4919e-01
1054.0	6.4646e-01
1055.0	6.4847e-01
1056.0	6.4641e-01
1057.0	6.4482e-01
1058.0	6.3818e-01
1059.0	6.1875e-01
1060.0	6.3585e-01
1061.0	6.2121e-01
1062.0	6.3266e-01
1063.0	6.2239e-01
1064.0	6.3196e-01
1065.0	6.2913e-01
1066.0	6.1713e-01
1067.0	6.2032e-01
1068.0	6.1944e-01
1069.0	5.8626e-01
1070.0	6.0469e-01
1071.0	6.1661e-01
1072.0	6.1536e-01
1073.0	6.0363e-01
1074.0	6.2158e-01
1075.0	5.9252e-01
1076.0	6.1471e-01
1077.0	6.0434e-01
1078.0	6.0321e-01
1079.0	6.0474e-01
1080.0	5.9722e-01
1081.0	5.8083e-01
1082.0	5.8940e-01
1083.0	5.9814e-01
1084.0	5.7852e-01
1085.0	5.9330e-01
1086.0	5.5410e-01
1087.0	5.6697e-01
1088.0	5.9317e-01
1089.0	5.7919e-01
1090.0	5.5573e-01
1091.0	5.8835e-01
1092.0	5.8124e-01
1093.0	5.1058e-01
1094.0	5.3965e-01
1095.0	5.2067e-01
1096.0	5.0323e-01
1097.0	5.7852e-01
1098.0	5.0291e-01
1099.0	5.0772e-01
1100.0	4.8577e-01
1101.0	4.9696e-01
1102.0	4.6883e-01
1103.0	4.6637e-01
1104.0	4.6765e-01
1105.0	5.0644e-01
1106.0	3.9792e-01
1107.0	4.8304e-01
1108.0	4.1565e-01
1109.0	4.1278e-01
1110.0	4.7899e-01
1111.0	3.3154e-01
1112.0	4.1357e-01
1113.0	2.6850e-01
1114.0	2.9985e-01
1115.0	2.4987e-01
1116.0	2.0136e-01
1117.0	7.9618e-02
1118.0	2.1753e-01
1119.0	1.1317e-01
1120.0	1.4189e-01
1121.0	1.8586e-01
1122.0	8.1686e-02
1123.0	1.2817e-01
1124.0	1.0870e-01
1125.0	1.4428e-01
1126.0	5.1589e-02
1127.0	1.5725e-01
1128.0	9.9224e-02
1129.0	1.0591e-01
1130.0	7.0574e-02
1131.0	2.9560e-01
1132.0	2.3411e-01
1133.0	1.5331e-01
1134.0	4.1740e-02
1135.0	1.5462e-02
1136.0	1.2876e-01
1137.0	2.8785e-01
1138.0	2.0329e-01
1139.0	2.9850e-01
1140.0	2.5599e-01
1141.0	1.9337e-01
1142.0	2.2479e-01
1143.0	3.1183e-01
1144.0	1.1326e-01
1145.0	1.4604e-01
1146.0	1.5764e-01
1147.0	5.9176e-02
1148.0	2.7113e-01
1149.0	2.1854e-01
1150.0	1.2164e-01
1151.0	2.0340e-01
1152.0	2.4762e-01
1153.0	2.3812e-01
1154.0	1.4248e-01
1155.0	3.1316e-01
1156.0	2.8090e-01
1157.0	3.1458e-01
1158.0	3.1171e-01
1159.0	3.3693e-01
1160.0	2.8648e-01
1161.0	3.4753e-01
1162.0	3.5002e-01
1163.0	4.6857e-01
1164.0	4.0188e-01
1165.0	3.8860e-01
1166.0	3.7494e-01
1167.0	4.0996e-01
1168.0	4.1954e-01
1169.0	4.2310e-01
1170.0	4.5873e-01
1171.0	4.4831e-01
1172.0	4.5483e-01
1173.0	4.5642e-01
1174.0	3.3692e-01
1175.0	4.5240e-01
1176.0	4.7679e-01
1177.0	4.7235e-01
1178.0	3.6000e-01
1179.0	4.8371e-01
1180.0	4.4069e-01
1181.0	4.5514e-01
1182.0	3.2318e-01
1183.0	4.3870e-01
1184.0	4.1985e-01
1185.0	4.0741e-01
1186.0	4.7715e-01
1187.0	4.5575e-01
1188.0	3.3504e-01
1189.0	4.1569e-01
1190.0	4.6239e-01
1191.0	4.4660e-01
1192.0	4.7336e-01
1193.0	4.5434e-01
1194.0	4.6890e-01
1195.0	4.4696e-01
1196.0	4.3131e-01
1197.0	4.7715e-01
1198.0	4.3392e-01
1199.0	3.6489e-01
1200.0	4.4825e-01
1201.0	4.3708e-01
1202.0	4.3717e-01
1203.0	4.3409e-01
1204.0	3.6247e-01
1205.0	4.3692e-01
1206.0	4.8086e-01
1207.0	4.2986e-01
1208.0	4.3346e-01
1209.0	4.1428e-01
1210.0	4.5336e-01
1211.0	4.2232e-01
1212.0	4.2489e-01
1213.0	4.6956e-01
1214.0	4.3407e-01
1215.0	4.2780e-01
1216.0	4.6640e-01
1217.0	4.5528e-01
1218.0	4.5934e-01
1219.0	4.4663e-01
1220.0	4.5805e-01
1221.0	4.6531e-01
1222.0	4.5139e-01
1223.0	4.4406e-01
1224.0	4.4808e-01
1225.0	4.6236e-01
1226.0	4.6819e-01
1227.0	4.3304e-01
1228.0	4.6658e-01
1229.0	4.6721e-01
1230.0	4.6003e-01
1231.0	4.7203e-01
1232.0	4.6633e-01
1233.0	4.5397e-01
1234.0	4.7016e-01
1235.0	4.6504e-01
1236.0	4.6908e-01
1237.0	4.6339e-01
1238.0	4.6797e-01
1239.0	4.6272e-01
1240.0	4.6077e-01
1241.0	4.6197e-01
1242.0	4.6247e-01
1243.0	4.5754e-01
1244.0	4.5528e-01
1245.0	4.5655e-01
1246.0	4.5945e-01
1247.0	4.5746e-01
1248.0	4.5860e-01
1249.0	4.5966e-01
1250.0	4.5705e-01
1251.0	4.5258e-01
1252.0	4.5097e-01
1253.0	4.4773e-01
1254.0	4.4363e-01
1255.0	4.5070e-01
1256.0	4.4023e-01
1257.0	4.3532e-01
1258.0	4.4496e-01
1259.0	4.2725e-01
1260.0	4.3110e-01
1261.0	4.1146e-01
1262.0	3.9567e-01
1263.0	4.0019e-01
1264.0	3.7148e-01
1265.0	3.9570e-01
1266.0	3.8527e-01
1267.0	3.8822e-01
1268.0	3.7051e-01
1269.0	2.4652e-01
1270.0	3.8744e-01
1271.0	4.0825e-01
1272.0	4.0879e-01
1273.0	4.0625e-01
1274.0	4.0614e-01
1275.0	4.1233e-01
1276.0	4.1693e-01
1277.0	4.2001e-01
1278.0	4.2763e-01
1279.0	4.2456e-01
1280.0	4.2204e-01
1281.0	4.1335e-01
1282.0	3.7305e-01
1283.0	4.0733e-01
1284.0	4.2078e-01
1285.0	4.2399e-01
1286.0	4.2714e-01
1287.0	4.2213e-01
1288.0	4.1989e-01
1289.0	4.0936e-01
1290.0	4.1285e-01
1291.0	4.1786e-01
1292.0	3.9618e-01
1293.0	4.1257e-01
1294.0	4.0421e-01
1295.0	4.0514e-01
1296.0	3.8957e-01
1297.0	3.7130e-01
1298.0	3.9183e-01
1299.0	4.0852e-01
1300.0	3.5312e-01
1301.0	3.6228e-01
1302.0	3.9181e-01
1303.0	3.4621e-01
1304.0	3.0062e-01
1305.0	3.8382e-01
1306.0	3.8453e-01
1307.0	3.0594e-01
1308.0	3.4696e-01
1309.0	3.8413e-01
1310.0	3.0114e-01
1311.0	3.3366e-01
1312.0	3.3337e-01
1313.0	3.1352e-01
1314.0	2.8833e-01
1315.0	2.8581e-01
1316.0	3.2419e-01
1317.0	3.1217e-01
1318.0	3.3328e-01
1319.0	2.6855e-01
1320.0	2.5872e-01
1321.0	2.9866e-01
1322.0	3.0217e-01
1323.0	2.3279e-01
1324.0	2.6249e-01
1325.0	3.2224e-01
1326.0	2.8051e-01
1327.0	2.6625e-01
1328.0	2.3450e-01
1329.0	1.7759e-01
1330.0	2.2923e-01
1331.0	1.4480e-01
1332.0	1.4579e-01
1333.0	2.0304e-01
1334.0	1.6925e-01
1335.0	2.3117e-01
1336.0	1.8348e-01
1337.0	1.6454e-01
1338.0	1.7804e-01
1339.0	1.7681e-01
1340.0	1.6831e-01
1341.0	1.7039e-01
1342.0	1.7798e-01
1343.0	1.2711e-01
1344.0	7.5645e-02
1345.0	1.0904e-01
1346.0	5.8186e-02
1347.0	6.0119e-02
1348.0	4.7451e-03
1349.0	1.6159e-02
1350.0	1.6025e-02
1351.0	4.6298e-03
1352.0	1.5164e-03
1353.0	9.6096e-05
1354.0	2.9009e-04
1355.0	3.6034e-06
1356.0	4.8070e-05
1357.0	7.1786e-05
1358.0	4.1948e-06
1359.0	7.3439e-07
1360.0	2.1404e-06
1361.0	4.8133e-09
1362.0	1.8076e-11
1363.0	3.1563e-06
1364.0	1.3589e-06
1365.0	9.0764e-12
1366.0	1.2791e-05
1367.0	4.9764e-06
1368.0	1.4810e-13
1369.0	5.1667e-07
1370.0	2.9200e-07
1371.0	1.9731e-08
1372.0	2.7498e-06
1373.0	4.4401e-05
1374.0	1.7917e-04
1375.0	3.2332e-04
1376.0	2.5748e-04
1377.0	1.2270e-04
1378.0	1.1089e-03
1379.0	5.2164e-05
1380.0	8.1587e-05
1381.0	2.3716e-06
1382.0	2.5672e-06
1383.0	4.4017e-08
1384.0	6.1689e-07
1385.0	2.0899e-06
1386.0	2.5215e-06
1387.0	1.9896e-04
1388.0	4.0262e-06
1389.0	5.8098e-04
1390.0	4.9328e-04
1391.0	3.4384e-04
1392.0	2.3782e-05
1393.0	1.1586e-04
1394.0	7.5526e-05
1395.0	6.7136e-07
1396.0	6.3215e-09
1397.0	4.9057e-05
1398.0	1.2704e-03
1399.0	8.1226e-04
1400.0	3.2466e-09
1401.0	1.0528e-08
1402.0	1.8353e-03
1403.0	2.3800e-03
1404.0	7.3892e-04
1405.0	3.6444e-07
1406.0	2.0448e-03
1407.0	1.7457e-04
1408.0	1.6493e-03
1409.0	6.1919e-04
1410.0	4.6653e-04
1411.0	2.1142e-03
1412.0	2.6396e-03
1413.0	2.3353e-02
1414.0	3.6378e-04
1415.0	1.8366e-04
1416.0	3.5565e-02
1417.0	1.1759e-02
1418.0	1.3559e-02
1419.0	2.1442e-03
1420.0	8.2718e-03
1421.0	9.1637e-03
1422.0	4.6314e-02
1423.0	9.2198e-03
1424.0	1.6975e-02
1425.0	2.5850e-02
1426.0	2.7792e-02
1427.0	4.9546e-02
1428.0	4.5588e-03
1429.0	3.8020e-02
1430.0	6.1601e-02
1431.0	5.0156e-02
1432.0	2.5194e-03
1433.0	3.5834e-02
1434.0	2.0962e-02
1435.0	2.1416e-02
1436.0	3.8351e-02
1437.0	2.9880e-02
1438.0	1.3263e-02
1439.0	5.1039e-02
1440.0	3.9601e-02
1441.0	3.1800e-02
1442.0	3.6317e-02
1443.0	4.5063e-02
1444.0	6.1791e-02
1445.0	4.9751e-02
1446.0	2.3095e-02
1447.0	3.6215e-02
1448.0	1.1569e-01
1449.0	1.0213e-01
1450.0	2.7412e-02
1451.0	1.1271e-02
1452.0	6.2361e-02
1453.0	8.1978e-02
1454.0	1.3759e-01
1455.0	6.6150e-02
1456.0	8.8509e-02
1457.0	1.1700e-01
1458.0	1.3643e-01
1459.0	1.6307e-01
1460.0	8.5421e-02
1461.0	9.0276e-02
1462.0	1.3060e-01
1463.0	4.3225e-02
1464.0	1.5184e-01
1465.0	9.3383e-02
1466.0	6.5197e-02
1467.0	3.6054e-02
1468.0	7.6942e-02
1469.0	9.4845e-02
1470.0	4.9678e-02
1471.0	1.7848e-02
1472.0	4.6771e-02
1473.0	7.0198e-02
1474.0	9.7339e-02
1475.0	1.8463e-01
1476.0	6.8778e-02
1477.0	6.9736e-02
1478.0	6.3480e-02
1479.0	1.2001e-01
1480.0	6.0637e-02
1481.0	1.1529e-01
1482.0	5.8490e-02
1483.0	1.4859e-01
1484.0	1.3747e-01
1485.0	1.2503e-01
1486.0	1.2340e-01
1487.0	6.0629e-02
1488.0	9.4180e-02
1489.0	1.8973e-01
1490.0	1.7478e-01
1491.0	1.9778e-01
1492.0	1.6441e-01
1493.0	1.8157e-01
1494.0	2.0367e-01
1495.0	1.8253e-01
1496.0	1.6852e-01
1497.0	2.2850e-01
1498.0	1.8968e-01
1499.0	2.1759e-01
1500.0	2.5061e-01
1501.0	2.6552e-01
1502.0	2.3356e-01
1503.0	1.8493e-01
1504.0	1.6029e-01
1505.0	1.8402e-01
1506.0	2.5773e-01
1507.0	2.5514e-01
1508.0	2.4302e-01
1509.0	1.8690e-01
1510.0	2.7052e-01
1511.0	2.6474e-01
1512.0	2.6068e-01
1513.0	2.4239e-01
1514.0	2.2571e-01
1515.0	2.6573e-01
1516.0	2.5683e-01
1517.0	2.4929e-01
1518.0	2.5211e-01
1519.0	2.4437e-01
1520.0	2.6450e-01
1521.0	2.7505e-01
1522.0	2.6378e-01
1523.0	2.8004e-01
1524.0	2.7539e-01
1525.0	2.5884e-01
1526.0	2.6745e-01
1527.0	2.6220e-01
1528.0	2.7928e-01
1529.0	2.7244e-01
1530.0	2.5522e-01
1531.0	2.6973e-01
1532.0	2.7839e-01
1533.0	2.7714e-01
1534.0	2.6892e-01
1535.0	2.6686e-01
1536.0	2.7464e-01
1537.0	2.7336e-01
1538.0	2.7202e-01
1539.0	2.7295e-01
1540.0	2.6491e-01
1541.0	2.6904e-01
1542.0	2.6927e-01
1543.0	2.7208e-01
1544.0	2.7210e-01
1545.0	2.7705e-01
1546.0	2.7481e-01
1547.0	2.7309e-01
1548.0	2.6675e-01
1549.0	2.7342e-01
1550.0	2.6990e-01
1551.0	2.7058e-01
1552.0	2.7182e-01
1553.0	2.7132e-01
1554.0	2.6474e-01
1555.0	2.6759e-01
1556.0	2.6310e-01
1557.0	2.7062e-01
1558.0	2.6848e-01
1559.0	2.6808e-01
1560.0	2.6568e-01
1561.0	2.7002e-01
1562.0	2.6756e-01
1563.0	2.6667e-01
1564.0	2.6264e-01
1565.0	2.6728e-01
1566.0	2.6245e-01
1567.0	2.6308e-01
1568.0	2.5722e-01
1569.0	2.5452e-01
1570.0	2.4175e-01
1571.0	2.3507e-01
1572.0	2.3775e-01
1573.0	2.3407e-01
1574.0	2.4145e-01
1575.0	2.3974e-01
1576.0	2.4678e-01
1577.0	2.1602e-01
1578.0	2.3516e-01
1579.0	2.3672e-01
1580.0	2.4464e-01
1581.0	2.4870e-01
1582.0	2.4195e-01
1583.0	2.4755e-01
1584.0	2.4904e-01
1585.0	2.5874e-01
1586.0	2.5569e-01
1587.0	2.5303e-01
1588.0	2.5107e-01
1589.0	2.3233e-01
1590.0	2.4179e-01
1591.0	2.4197e-01
1592.0	2.5225e-01
1593.0	2.5833e-01
1594.0	2.5624e-01
1595.0	2.5823e-01
1596.0	2.4452e-01
1597.0	2.4692e-01
1598.0	2.5421e-01
1599.0	2.4202e-01
1600.0	2.3810e-01
1601.0	2.2323e-01
1602.0	2.2413e-01
1603.0	2.2397e-01
1604.0	2.2842e-01
1605.0	2.3683e-01
1606.0	2.4140e-01
1607.0	2.3296e-01
1608.0	2.2990e-01
1609.0	2.2727e-01
1610.0	2.1760e-01
1611.0	2.2680e-01
1612.0	2.3076e-01
1613.0	2.3719e-01
1614.0	2.3838e-01
1615.0	2.4104e-01
1616.0	2.3050e-01
1617.0	2.3465e-01
1618.0	2.4352e-01
1619.0	2.4100e-01
1620.0	2.3449e-01
1621.0	2.3430e-01
1622.0	2.3754e-01
1623.0	2.4246e-01
1624.0	2.4269e-01
1625.0	2.3782e-01
1626.0	2.3971e-01
1627.0	2.4078e-01
1628.0	2.4126e-01
1629.0	2.4137e-01
1630.0	2.3651e-01
1631.0	2.3806e-01
1632.0	2.3821e-01
1633.0	2.3267e-01
1634.0	2.3282e-01
1635.0	2.3367e-01
1636.0	2.3539e-01
1637.0	2.2700e-01
1638.0	2.2007e-01
1639.0	2.2026e-01
1640.0	2.1511e-01
1641.0	2.1960e-01
1642.0	2.2082e-01
1643.0	2.1535e-01
1644.0	2.2355e-01
1645.0	2.1822e-01
1646.0	2.1749e-01
1647.0	2.2768e-01
1648.0	2.1655e-01
1649.0	2.1867e-01
1650.0	2.2526e-01
1651.0	2.0855e-01
1652.0	2.2373e-01
1653.0	2.2277e-01
1654.0	2.1583e-01
1655.0	2.2231e-01
1656.0	2.2101e-01
1657.0	2.2223e-01
1658.0	2.2487e-01
1659.0	2.2120e-01
1660.0	2.2332e-01
1661.0	2.2384e-01
1662.0	2.1908e-01
1663.0	2.2235e-01
1664.0	2.2098e-01
1665.0	2.1178e-01
1666.0	1.7884e-01
1667.0	2.1068e-01
1668.0	2.1459e-01
1669.0	2.1516e-01
1670.0	2.2168e-01
1671.0	2.1879e-01
1672.0	2.1147e-01
1673.0	2.1629e-01
1674.0	2.1575e-01
1675.0	2.1360e-01
1676.0	2.1145e-01
1677.0	2.1229e-01
1678.0	2.0915e-01
1679.0	2.1303e-01
1680.0	2.0558e-01
1681.0	1.9447e-01
1682.0	2.0366e-01
1683.0	2.0906e-01
1684.0	1.9797e-01
1685.0	2.1321e-01
1686.0	2.1026e-01
1687.0	2.0484e-01
1688.0	2.1013e-01
1689.0	2.0718e-01
1690.0	2.0523e-01
1691.0	1.9303e-01
1692.0	2.0708e-01
1693.0	2.1134e-01
1694.0	2.0477e-01
1695.0	2.0968e-01
1696.0	2.0922e-01
1697.0	1.8107e-01
1698.0	2.0739e-01
1699.0	2.0551e-01
1700.0	1.9975e-01
1702.0	2.0396e-01
1705.0	1.9778e-01
1710.0	1.8790e-01
1715.0	1.8965e-01
1720.0	1.8698e-01
1725.0	1.7808e-01
1730.0	1.7407e-01
1735.0	1.6154e-01
1740.0	1.6818e-01
1745.0	1.5481e-01
1750.0	1.6566e-01
1755.0	1.5301e-01
1760.0	1.5998e-01
1765.0	1.3284e-01
1770.0	1.4172e-01
1775.0	1.1484e-01
1780.0	1.0050e-01
1785.0	7.6981e-02
1790.0	8.8904e-02
1795.0	4.6931e-02
1800.0	3.1828e-02
1805.0	1.4815e-02
1810.0	9.6911e-03
1815.0	3.2816e-03
1820.0	9.8755e-04
1825.0	1.2744e-03
1830.0	5.2041e-06
1835.0	6.4190e-06
1840.0	6.2703e-08
1845.0	6.2658e-06
1850.0	2.9993e-06
1855.0	2.8396e-07
1860.0	1.1151e-05
1865.0	1.6982e-05
1870.0	2.6662e-10
1875.0	4.5130e-10
1880.0	7.7505e-05
1885.0	4.3890e-05
1890.0	2.2333e-04
1895.0	1.2947e-04
1900.0	8.6221e-07
1905.0	5.6667e-07
1910.0	2.3045e-05
1915.0	1.9947e-05
1920.0	4.5069e-04
1925.0	9.3615e-04
1930.0	5.5242e-04
1935.0	3.5935e-03
1940.0	3.2821e-03
1945.0	1.0863e-02
1950.0	1.6727e-02
1955.0	1.0036e-02
1960.0	2.1906e-02
1965.0	2.8563e-02
1970.0	4.8847e-02
1975.0	6.7857e-02
1980.0	7.5512e-02
1985.0	8.3063e-02
1990.0	8.5613e-02
1995.0	8.1190e-02
2000.0	3.8156e-02
2005.0	1.5001e-02
2010.0	3.9748e-02
2015.0	2.6648e-02
2020.0	4.4981e-02
2025.0	7.4010e-02
2030.0	8.4856e-02
2035.0	9.6386e-02
2040.0	8.9781e-02
2045.0	9.1074e-02
2050.0	6.7927e-02
2055.0	5.4906e-02
2060.0	6.9193e-02
2065.0	6.1875e-02
2070.0	6.5676e-02
2075.0	7.7443e-02
2080.0	8.6812e-02
2085.0	8.5102e-02
2090.0	8.9100e-02
2095.0	8.9747e-02
2100.0	8.6133e-02
2105.0	9.3153e-02
2110.0	8.9654e-02
2115.0	9.1673e-02
2120.0	8.7588e-02
2125.0	8.8632e-02
2130.0	8.9774e-02
2135.0	9.0044e-02
2140.0	9.0767e-02
2145.0	8.9486e-02
2150.0	8.4639e-02
2155.0	8.4840e-02
2160.0	8.4170e-02
2165.0	7.6310e-02
2170.0	8.1996e-02
2175.0	8.0448e-02
2180.0	8.1808e-02
2185.0	7.4550e-02
2190.0	7.9068e-02
2195.0	7.8992e-02
2200.0	7.1202e-02
2205.0	7.4010e-02
2210.0	7.9315e-02
2215.0	7.6273e-02
2220.0	7.7730e-02
2225.0	7.5453e-02
2230.0	7.5773e-02
2235.0	7.4299e-02
2240.0	7.3118e-02
2245.0	7.0838e-02
2250.0	7.1937e-02
2255.0	6.7690e-02
2260.0	6.6929e-02
2265.0	6.8137e-02
2270.0	6.4867e-02
2275.0	6.4021e-02
2280.0	6.6288e-02
2285.0	6.3080e-02
2290.0	6.3220e-02
2295.0	6.1265e-02
2300.0	5.8824e-02
2305.0	5.9171e-02
2310.0	6.3870e-02
2315.0	5.8141e-02
2320.0	5.2031e-02
2325.0	5.6215e-02
2330.0	5.6824e-02
2335.0	5.7967e-02
2340.0	4.5836e-02
2345.0	5.1400e-02
2350.0	4.1536e-02
2355.0	4.7473e-02
2360.0	5.0237e-02
2365.0	4.9409e-02
2370.0	3.0817e-02
2375.0	4.4147e-02
2380.0	4.2552e-02
2385.0	3.0826e-02
2390.0	3.7109e-02
2395.0	4.0594e-02
2400.0	4.4150e-02
2405.0	3.3599e-02
2410.0	3.3813e-02
2415.0	2.7300e-02
2420.0	2.6590e-02
2425.0	3.3078e-02
2430.0	4.5099e-02
2435.0	1.4878e-02
2440.0	4.3249e-02
2445.0	2.0798e-02
2450.0	1.3611e-02
2455.0	2.4853e-02
2460.0	3.3363e-02
2465.0	2.4148e-02
2470.0	1.6727e-02
2475.0	1.6455e-02
2480.0	8.0395e-03
2485.0	5.6102e-03
2490.0	3.5113e-03
2495.0	2.8772e-03
2500.0	7.0642e-03
2505.0	1.5191e-03
2510.0	2.2163e-03
2515.0	5.1880e-04
2520.0	3.7054e-04
2525.0	4.1393e-05
2530.0	6.3593e-07
2535.0	1.7502e-07
2540.0	3.7716e-07
2545.0	5.3758e-11
2550.0	2.8222e-13
2555.0	1.0435e-09
2560.0	3.1020e-11
2565.0	1.5955e-14
2570.0	1.5258e-18
2575.0	1.0786e-27
2580.0	3.8214e-22
2585.0	1.7194e-34
2590.0	5.4793e-31
2595.0	2.2838e-33
2600.0	4.4912e-28
2605.0	5.8053e-35
2610.0	5.9447e-34
2615.0	1.1196e-37
2620.0	5.6505e-29
2625.0	3.8687e-28
2630.0	2.8026e-45
2635.0	3.9027e-16
2640.0	1.1750e-16
2645.0	8.9988e-19
2650.0	1.4295e-19
2655.0	1.3133e-27
2660.0	2.6068e-25
2665.0	1.1123e-37
2670.0	0.0000e+00
2675.0	0.0000e+00
2680.0	0.0000e+00
2685.0	0.0000e+00
2690.0	1.0226e-29
2695.0	7.1284e-33
2700.0	0.0000e+00
2705.0	2.9315e-42
2710.0	1.1250e-35
2715.0	3.8557e-26
2720.0	5.6052e-45
2725.0	7.2935e-22
2730.0	6.0734e-19
2735.0	5.4888e-21
2740.0	2.3314e-27
2745.0	1.3146e-23
2750.0	1.6648e-28
2755.0	6.7262e-44
2760.0	0.0000e+00
2765.0	2.6777e-27
2770.0	8.3791e-24
2775.0	3.9990e-38
2780.0	4.8067e-34
2785.0	3.8866e-27
2790.0	1.2170e-16
2795.0	3.6205e-16
2800.0	1.6484e-12
2805.0	6.7478e-14
2810.0	4.0233e-10
2815.0	2.8685e-10
2820.0	2.0548e-11
2825.0	1.7605e-07
2830.0	3.9008e-06
2835.0	2.1276e-10
2840.0	1.9609e-07
2845.0	4.0575e-05
2850.0	1.1566e-06
2855.0	4.4867e-07
2860.0	2.5356e-05
2865.0	1.6763e-04
2870.0	6.3129e-06
2875.0	3.9170e-04
2880.0	2.4724e-04
2885.0	4.5332e-04
2890.0	1.8623e-04
2895.0	2.6643e-03
2900.0	8.1152e-04
2905.0	1.1096e-04
2910.0	2.7220e-03
2915.0	1.2581e-03
2920.0	2.8948e-03
2925.0	1.0835e-03
2930.0	5.8858e-03
2935.0	6.4903e-03
2940.0	1.6273e-03
2945.0	1.4489e-03
2950.0	5.2276e-03
2955.0	2.3361e-03
2960.0	4.5971e-03
2965.0	7.4379e-03
2970.0	3.5233e-04
2975.0	8.5429e-04
2980.0	1.3381e-03
2985.0	6.9628e-03
2990.0	1.0280e-02
2995.0	4.2755e-03
3000.0	7.8472e-03
3005.0	2.8906e-03
3010.0	6.8479e-03
3015.0	5.5551e-03
3020.0	6.3369e-04
3025.0	7.5031e-03
3030.0	6.0753e-03
3035.0	2.4986e-03
3040.0	2.0242e-03
3045.0	4.2090e-03
3050.0	1.0321e-03
3055.0	2.8947e-04
3060.0	6.3012e-03
3065.0	2.9113e-03
3070.0	1.7492e-03
3075.0	6.0221e-03
3080.0	3.6224e-03
3085.0	1.7671e-03
3090.0	2.3805e-03
3095.0	6.5510e-04
3100.0	4.4010e-03
3105.0	9.2155e-04
3110.0	8.4569e-04
3115.0	2.2677e-03
3120.0	9.8197e-03
3125.0	3.0289e-03
3130.0	5.7614e-03
3135.0	1.1446e-02
3140.0	3.3241e-03
3145.0	3.2517e-03
3150.0	6.6744e-03
3155.0	5.6366e-03
3160.0	9.2320e-03
3165.0	1.4017e-02
3170.0	1.2516e-02
3175.0	9.2302e-03
3180.0	1.0621e-02
3185.0	8.0823e-03
3190.0	4.2388e-03
3195.0	2.6927e-03
3200.0	4.3843e-04
3205.0	3.0973e-04
3210.0	1.3634e-04
3215.0	4.9752e-04
3220.0	1.6089e-03
3225.0	1.9875e-04
3230.0	3.4080e-04
3235.0	7.2940e-03
3240.0	3.7464e-03
3245.0	7.3409e-04
3250.0	2.6067e-03
3255.0	9.9378e-03
3260.0	1.2248e-03
3265.0	2.4465e-03
3270.0	1.2186e-03
3275.0	5.9265e-03
3280.0	2.8644e-03
3285.0	1.1128e-02
3290.0	8.7571e-03
3295.0	1.2234e-03
3300.0	1.7794e-03
3305.0	3.9416e-03
3310.0	3.9235e-03
3315.0	1.6133e-05
3320.0	5.9987e-05
3325.0	3.5187e-03
3330.0	4.6616e-03
3335.0	9.0694e-03
3340.0	3.4602e-03
3345.0	3.5408e-03
3350.0	8.0277e-03
3355.0	3.6308e-03
3360.0	5.2402e-03
3365.0	7.1907e-03
3370.0	3.9389e-03
3375.0	8.4560e-03
3380.0	5.1115e-03
3385.0	7.4896e-03
3390.0	9.8552e-03
3395.0	9.5465e-03
3400.0	1.2509e-02
3405.0	4.4594e-03
3410.0	7.0802e-03
3415.0	7.2774e-03
3420.0	1.3165e-02
3425.0	1.0006e-02
3430.0	8.6892e-03
3435.0	1.1553e-02
3440.0	8.0348e-03
3445.0	1.1318e-02
3450.0	1.1153e-02
3455.0	8.3089e-03
3460.0	1.2530e-02
3465.0	9.8179e-03
3470.0	1.2264e-02
3475.0	1.0943e-02
3480.0	1.1224e-02
3485.0	1.2094e-02
3490.0	1.0419e-02
3495.0	1.2265e-02
3500.0	1.1917e-02
3505.0	1.1809e-02
3510.0	1.1963e-02
3515.0	1.1494e-02
3520.0	1.2122e-02
3525.0	1.1428e-02
3530.0	1.1127e-02
3535.0	9.4556e-03
3540.0	9.0310e-03
3545.0	9.5432e-03
3550.0	1.0538e-02
3555.0	9.0581e-03
3560.0	1.0795e-02
3565.0	1.0851e-02
3570.0	8.3376e-03
3575.0	8.6444e-03
3580.0	1.0187e-02
3585.0	9.1671e-03
3590.0	9.4523e-03
3595.0	9.6700e-03
3600.0	1.0262e-02
3605.0	1.0359e-02
3610.0	9.4787e-03
3615.0	9.4726e-03
3620.0	1.1614e-02
3625.0	1.0239e-02
3630.0	9.9550e-03
3635.0	1.0299e-02
3640.0	1.1480e-02
3645.0	1.0599e-02
3650.0	1.0123e-02
3655.0	1.0978e-02
3660.0	1.0914e-02
3665.0	1.0253e-02
3670.0	7.9003e-03
3675.0	4.8286e-03
3680.0	8.3312e-03
3685.0	9.4380e-03
3690.0	9.6922e-03
3695.0	1.0132e-02
3700.0	1.0878e-02
3705.0	1.0770e-02
3710.0	9.3640e-03
3715.0	9.2254e-03
3720.0	1.0376e-02
3725.0	1.0698e-02
3730.0	9.2707e-03
3735.0	8.5837e-03
3740.0	8.8494e-03
3745.0	1.0331e-02
3750.0	9.2903e-03
3755.0	8.9918e-03
3760.0	8.8633e-03
3765.0	8.5502e-03
3770.0	9.1243e-03
3775.0	9.0521e-03
3780.0	9.5746e-03
3785.0	8.8123e-03
3790.0	7.7564e-03
3795.0	8.8692e-03
3800.0	9.8592e-03
3805.0	9.3049e-03
3810.0	8.2451e-03
3815.0	7.7569e-03
3820.0	9.6550e-03
3825.0	9.5056e-03
3830.0	9.5925e-03
3835.0	7.6916e-03
3840.0	8.9756e-03
3845.0	8.7801e-03
3850.0	8.8274e-03
3855.0	8.5085e-03
3860.0	7.9940e-03
3865.0	8.0989e-03
3870.0	7.3604e-03
3875.0	6.7620e-03
3880.0	6.5340e-03
3885.0	6.7717e-03
3890.0	6.8818e-03
3895.0	7.4760e-03
3900.0	7.9254e-03
3905.0	7.9269e-03
3910.0	7.1353e-03
3915.0	6.9868e-03
3920.0	6.9466e-03
3925.0	6.8520e-03
3930.0	7.0502e-03
3935.0	7.3541e-03
3940.0	7.4027e-03
3945.0	7.5412e-03
3950.0	7.6277e-03
3955.0	7.7199e-03
3960.0	7.7482e-03
3965.0	7.8057e-03
3970.0	7.6806e-03
3975.0	7.5097e-03
3980.0	7.3872e-03
3985.0	7.4327e-03
3990.0	7.3723e-03
3995.0	7.2100e-03
2895.0	7.1043e-03